4294967294,0
4294967278,505
4294967278,496
4294967278,224
4294967278,490
4294967278,487
4294967278,359
4294967278,485
4294967278,171
4294967279,169
4294967279,547
4294967279,159
4294967278,153
4294967278,483
4294967278,481
4294967279,147
4294967279,144
4294967279,281
4294967279,543
4294967278,276
4294967278,136
4294967279,537
4294967278,498
4294967278,500
4294967278,497
4294967279,363
4294967278,266
4294967279,267
4294967279,533
259,4
255,4
263,6
4294967294,1438
259,6
4294967279,532
339,6
4294967294,43
4294967294,51
4294967294,25
4294967294,26
4294967294,1086
4294967279,531
4294967279,342
4294967278,477
4294967294,7
4294967294,6
4294967279,294
4294967278,462
4294967278,329
4294967278,465
4294967279,190
267,2
4294967279,186
4294967279,520
4294967279,352
4294967278,459
4294967278,451
316,0
4294967278,303
179,0
185,0
4294967278,473
4294967279,338
402,0
4294967279,518
4294967279,156
286,5
287,5
285,5
284,5
280,5
4294967278,296
4294967279,383
61,6
181,6
323,6
188,4
145,6
117,4
314,4
4294967294,1463
4294967279,382
4294967279,379
4294967279,377
4294967279,573
4294967279,376
216,4
298,4
285,6
284,6
287,6
116,4
4294967278,324
4294967278,270
4294967279,317
171,2
4294967279,286
171,4
4294967279,311
279,4
116,6
4294967294,1462
4294967278,242
4294967279,364
63,2
360,4
316,1
316,7
316,5
179,1
179,8
179,6
185,7
402,9
402,8
352,2
4294967278,214
286,6
323,4
4294967279,332
356,2
4294967278,235
251,2
4294967278,301
267,6
251,4
4294967294,974
267,4
358,2
286,4
4294967279,354
4294967294,1445
179,2
4,5
4,4
74,2
300,2
358,5
358,4
356,5
356,4
4294967279,183
4294967278,371
84,2
4294967293,131
4294967293,130
4294967293,129
4294967293,128
4294967293,127
4294967293,126
4294967293,125
4294967293,124
4294967293,123
4294967293,122
4294967293,121
4294967293,120
4294967293,119
4294967293,118
4294967293,117
4294967293,116
4294967293,115
4294967293,114
4294967293,113
4294967293,112
4294967293,111
4294967293,110
4294967293,109
4294967293,108
4294967293,107
4294967293,106
4294967293,105
4294967293,104
4294967293,103
4294967293,102
4294967293,101
4294967293,100
4294967293,99
4294967293,98
4294967293,97
4294967293,96
4294967293,95
4294967293,94
4294967293,93
4294967293,92
4294967293,91
4294967293,90
4294967293,89
4294967293,87
4294967293,86
4294967293,85
4294967293,84
4294967293,83
4294967293,82
4294967293,81
4294967293,80
4294967293,79
4294967293,78
4294967293,77
4294967293,76
4294967293,75
4294967293,74
4294967293,73
4294967293,72
4294967293,71
4294967293,70
4294967293,69
4294967293,68
4294967293,67
4294967293,66
4294967293,65
4294967293,64
4294967293,63
4294967293,62
4294967293,61
4294967293,60
4294967293,59
4294967293,58
4294967293,57
4294967293,56
4294967293,55
4294967293,54
4294967293,53
4294967293,52
4294967293,51
4294967293,50
4294967293,49
4294967293,48
4294967293,47
4294967293,46
4294967293,45
4294967293,44
4294967293,43
4294967293,42
4294967293,41
4294967293,40
4294967293,39
4294967293,38
4294967293,37
4294967293,36
4294967293,35
4294967293,34
4294967293,33
4294967293,32
4294967293,31
4294967293,30
4294967293,29
4294967293,28
4294967293,27
4294967293,26
4294967293,25
4294967293,24
4294967293,23
4294967293,22
4294967293,21
4294967293,20
4294967293,19
4294967293,18
4294967293,17
4294967293,16
4294967293,15
4294967293,14
4294967293,13
4294967293,12
4294967293,11
4294967293,10
4294967293,9
4294967293,8
4294967293,7
4294967293,6
4294967293,5
4294967293,4
4294967293,3
4294967278,14
4294967279,101
4294967279,95
4294967279,75
4294967279,63
4294967279,54
4294967279,51
4294967279,45
4294967279,42
4294967279,17
197,2
4294967279,58
169,2
4294967278,167
171,6
176,2
342,6
342,4
195,4
354,5
354,4
155,4
350,5
350,4
68,4
74,4
74,6
63,4
290,6
290,4
185,6
185,1
185,5
185,2
4294967278,137
4294967278,88
169,4
197,6
176,6
176,4
179,5
179,7
179,4
300,6
300,4
341,2
185,4
84,6
84,4
341,6
341,5
341,4
352,5
352,4
4294967294,493
2,4
4294967279,563
4294967278,448
4294967278,35
4294967294,1081
4294967278,486
138,0
138,7
4294967279,143
4294967279,141
138,6
4294967279,365
429,4
4294967278,134
429,3
429,2
429,1
4294967278,271
4294967278,460
4294967279,271
344,2
344,4
344,3
4294967278,262
4294967279,263
4294967278,261
4294967278,258
4294967279,262
428,4
428,3
428,2
428,1
4294967279,261
4294967294,486
4294967278,374
4294967278,373
4294967278,360
4294967278,476
4294967278,488
4294967278,370
4294967278,36
4294967278,26
4294967278,5
4294967279,107
4294967279,231
4294967279,105
4294967279,104
4294967279,103
4294967279,102
4294967279,285
4294967279,92
4294967279,329
4294967279,79
4294967279,72
4294967279,66
4294967279,359
4294967279,64
4294967279,56
4294967279,275
4294967279,53
4294967279,52
4294967279,48
4294967279,46
4294967279,44
4294967279,38
4294967279,36
4294967279,35
4294967279,28
4294967279,26
4294967279,265
4294967279,18
4294967279,367
4294967279,357
4294967279,123
4294967294,390
41,3
4294967278,248
4294967279,356
4294967278,455
4294967278,454
4294967294,962
4294967279,259
4294967279,575
4294967278,319
4294967278,230
4294967278,233
4294967278,318
73,3
4294967279,226
4294967278,220
4294967279,220
114,0
114,8
114,1
114,5
114,7
114,6
114,2
114,4
117,3
4294967279,361
114,3
4294967294,484
4294967279,209
4294967279,330
4294967279,210
4294967279,97
4294967278,208
426,5
4294967278,207
4294967279,206
426,4
4294967279,201
426,3
426,2
426,1
4294967279,199
4294967278,197
4294967278,196
4294967279,81
4294967294,1054
4294967294,1037
424,5
4294967279,189
424,4
424,3
424,2
424,1
213,6
213,2
213,4
4294967278,358
4294967278,182
4294967278,314
4294967278,313
421,5
4294967278,365
4294967278,311
4294967278,363
423,5
423,4
423,3
423,2
423,1
4294967279,517
4294967278,165
4294967278,307
422,7
4294967279,328
4294967294,464
4294967294,391
4294967294,483
4294967278,157
4294967279,158
422,6
422,5
422,4
422,3
422,2
422,1
4294967279,305
4294967278,150
4294967294,1080
4294967279,149
408,11
408,10
4294967294,1432
4294967278,304
404,7
4294967278,141
4294967278,142
4294967279,142
4294967278,139
4294967279,137
421,4
421,3
421,2
421,1
4294967279,134
4294967294,479
4294967279,273
4294967278,272
4294967279,269
4294967278,268
4294967279,268
4294967294,1053
4294967294,454
4294967279,366
4294967278,263
4294967279,264
4294967278,299
4294967278,257
4294967279,280
398,9
4294967278,305
4294967278,298
4294967279,124
4294967279,255
4294967279,125
4294967279,241
4294967294,166
4294967294,24
4294967294,104
4294967294,106
4294967294,184
4294967278,239
4294967278,238
4294967278,480
280,0
280,7
313,0
313,8
4294967294,127
4294967294,18
4294967294,68
4294967294,11
4294967294,964
4294967294,1049
4294967278,297
280,1
280,6
4294967294,108
4294967294,478
4294967278,222
4294967278,225
313,7
4294967279,222
280,2
280,4
4294967279,218
280,3
4294967278,216
313,4
4294967279,355
38,4
4294967278,205
4294967278,204
316,6
316,2
316,4
4,1
4,9
4,0
4,2
4,6
4294967278,195
4294967279,196
4294967278,194
4294967294,1439
4294967279,195
4294967278,193
4294967279,194
4294967294,1446
4294967278,189
419,4
419,3
419,2
419,1
4294967279,524
4294967294,1466
4294967279,185
4294967279,184
4294967278,181
418,6
4294967278,180
418,5
418,4
418,3
418,2
418,1
4294967294,163
4294967294,1039
4294967294,963
4294967294,460
4294967294,160
4294967294,1465
4294967279,565
